1 3.831977e-01
2 1.226794e-01
3 5.943415e-03
4 4.847696e-02
5 2.161561e-02
6 7.921721e-03
7 1.010366e-03
8 2.461245e-03
9 7.241166e-04
10 1.434558e-04
11 2.902477e-04
12 7.337524e-05
13 3.504546e-05
14 1.916360e-05
15 7.941254e-06
16 5.611092e-06
17 1.165101e-06
18 2.222990e-06
19 5.289431e-07
20 3.180795e-07
21 1.054317e-07
22 1.063239e-07
23 4.461161e-10
24 5.249279e-08
25 2.602334e-08
26 1.278861e-08
27 6.171247e-09
28 2.862565e-09
29 1.208225e-09
30 3.810542e-10
31 3.253095e-11
32 1.742616e-10
33 7.086534e-11
34 1.916720e-11
35 6.681877e-12
36 6.242645e-12
37 2.196299e-13
38 3.011508e-12
39 1.395939e-12
40 5.881684e-13
41 1.842693e-13
42 1.768030e-14
43 8.329448e-14
44 3.280709e-14
45 7.577272e-15
46 5.051515e-15
47 1.249001e-15
48 1.887379e-15
49 3.053113e-16
