x	y
0.1000000000000000	0.2312585092994046
0.1145728643216080	0.2495398789672095
0.1291457286432161	0.2660051257596600
0.1437185929648241	0.2808649298149840
0.1582914572864322	0.2942869968622049
0.1728643216080402	0.3064080071467561
0.1874371859296483	0.3173415054357022
0.2020100502512563	0.3271833222704052
0.2165829145728643	0.3360154227739021
0.2311557788944724	0.3439087149836325
0.2457286432160804	0.3509251472685522
0.2603015075376884	0.3571193065217300
0.2748743718592965	0.3625396573909146
0.2894472361809045	0.3672295180146053
0.3040201005025126	0.3712278387896776
0.3185929648241206	0.3745698315026136
0.3331658291457287	0.3772874831289074
0.3477386934673367	0.3794099795787641
0.3623115577889447	0.3809640582960807
0.3768844221105527	0.3819743040449387
0.3914572864321608	0.3824633988856752
0.4060301507537688	0.3824523348806222
0.4206030150753769	0.3819605962274044
0.4351758793969849	0.3810063161230975
0.4497487437185930	0.3796064125954323
0.4643216080402011	0.3777767067125264
0.4788944723618090	0.3755320259393932
0.4934673366834171	0.3728862949034324
0.5080402010050251	0.3698526154298259
0.5226130653266332	0.3664433373871429
0.5371859296482412	0.3626701216254979
0.5517587939698493	0.3585439960806832
0.5663316582914573	0.3540754059474431
0.5809045226130654	0.3492742586854951
0.5954773869346733	0.3441499645068780
0.6100502512562814	0.3387114728978962
0.6246231155778894	0.3329673056495782
0.6391959798994975	0.3269255868041763
0.6537688442211055	0.3205940698694546
0.6683417085427136	0.3139801626054388
0.6829145728643216	0.3070909496484172
0.6974874371859296	0.2999332132030599
0.7120603015075376	0.2925134520045691
0.7266331658291457	0.2848378987279628
0.7412060301507537	0.2769125360002752
0.7557788944723618	0.2687431111530692
0.7703517587939698	0.2603351498367555
0.7849246231155779	0.2516939686044150
0.7994974874371860	0.2428246865608198
0.8140703517587939	0.2337322361618795
0.8286432160804020	0.2244213732405774
0.8432160804020100	0.2148966863274392
0.8577889447236181	0.2051626053265105
0.8723618090452261	0.1952234096016083
0.8869346733668342	0.1850832355221156
0.9015075376884422	0.1747460835127346
0.9160804020100503	0.1642158246472987
0.9306532663316582	0.1534962068229210
0.9452261306532663	0.1425908605473424
0.9597989949748743	0.1315033043693058
0.9743718592964824	0.1202369499790610
0.9889447236180904	0.1087951070036765
1.0035175879396985	0.0971809875196459
1.0180904522613066	0.0853977103033252
1.0326633165829147	0.0734483048379629
1.0472361809045228	0.0613357150945060
1.0618090452261306	0.0490628031019219
1.0763819095477387	0.0366323523214842
1.0909547738693468	0.0240470708382963
1.1055276381909549	0.0113095943822602
1.1201005025125630	-0.0015775108102665
1.1346733668341709	-0.0146117452837581
1.1492462311557790	-0.0277906737901896
1.1638190954773870	-0.0411119228462446
1.1783919597989951	-0.0545731784128918
1.1929648241206030	-0.0681721836897596
1.2075376884422111	-0.0819067370172988
1.2221105527638192	-0.0957746898802246
1.2366834170854273	-0.1097739450062025
1.2512562814070352	-0.1239024545541628
1.2658291457286432	-0.1381582183870263
1.2804020100502513	-0.1525392824239772
1.2949748743718594	-0.1670437370677609
1.3095477386934675	-0.1816697157027821
1.3241206030150754	-0.1964153932600623
1.3386934673366835	-0.2112789848453806
1.3532663316582916	-0.2262587444271534
1.3678391959798997	-0.2413529635808406
1.3824120603015075	-0.2565599702868651
1.3969849246231156	-0.2718781277792243
1.4115577889447237	-0.2873058334421479
1.4261306532663318	-0.3028415177523267
1.4407035175879397	-0.3184836432643769
1.4552763819095478	-0.3342307036373601
1.4698492462311559	-0.3500812227002951
1.4844221105527640	-0.3660337535547371
1.4989949748743721	-0.3820868777125984
1.5135678391959799	-0.3982392042674995
1.5281407035175880	-0.4144893690980367
1.5427135678391961	-0.4308360341014426
1.5572864321608042	-0.4472778864562057
1.5718592964824121	-0.4638136379122941
1.5864321608040202	-0.4804420241077015
1.6010050251256283	-0.4971618039101072
1.6155778894472363	-0.5139717587825090
1.6301507537688442	-0.5308706921717457
1.6447236180904523	-0.5478574289188863
1.6592964824120604	-0.5649308146905162
1.6738693467336685	-0.5820897154300060
1.6884422110552764	-0.5993330168278888
1.7030150753768845	-0.6166596238105253
1.7175879396984925	-0.6340684600462688
1.7321608040201006	-0.6515584674683950
1.7467336683417087	-0.6691286058140837
1.7613065326633166	-0.6867778521787897
1.7758793969849247	-0.7045052005853609
1.7904522613065328	-0.7223096615672990
1.8050251256281409	-0.7401902617655937
1.8195979899497488	-0.7581460435385710
1.8341708542713568	-0.7761760645842470
1.8487437185929649	-0.7942793975746794
1.8633165829145730	-0.8124551298018508
1.8778894472361809	-0.8307023628346311
1.8924623115577890	-0.8490202121863881
1.9070351758793971	-0.8674078069928359
1.9216080402010052	-0.8858642896997320
1.9361809045226130	-0.9043888157600477
1.9507537688442211	-0.9229805533402583
1.9653266331658292	-0.9416386830354061
1.9798994974874373	-0.9603623975926178
1.9944723618090454	-0.9791509016427635
2.0090452261306533	-0.9980034114399550
2.0236180904522612	-1.0169191546086067
2.0381909547738695	-1.0358973698977798
2.0527638190954773	-1.0549373069425534
2.0673366834170852	-1.0740382260321737
2.0819095477386935	-1.0931993978847396
2.0964824120603014	-1.1124201034281946
2.1110552763819097	-1.1316996335874150
2.1256281407035176	-1.1510372890771685
2.1402010050251259	-1.1704323802007599
2.1547738693467338	-1.1898842266541532
2.1693467336683416	-1.2093921573353992
2.1839195979899499	-1.2289555101591794
2.1984924623115578	-1.2485736318763023
2.2130653266331661	-1.2682458778979868
2.2276381909547740	-1.2879716121247700
2.2422110552763819	-1.3077502067798981
2.2567839195979902	-1.3275810422470453
2.2713567839195981	-1.3474635069122218
2.2859296482412059	-1.3673969970097457
2.3005025125628142	-1.3873809164721391
2.3150753768844221	-1.4074146767838247
2.3296482412060304	-1.4274976968385147
2.3442211055276383	-1.4476294028001577
2.3587939698492462	-1.4678092279673536
2.3733668341708545	-1.4880366126411113
2.3879396984924623	-1.5083110039958580
2.4025125628140702	-1.5286318559535992
2.4170854271356785	-1.5489986290611266
2.4316582914572864	-1.5694107903701915
2.4462311557788947	-1.5898678133205530
2.4608040201005026	-1.6103691776258047
2.4753768844221105	-1.6309143691619146
2.4899497487437188	-1.6515028798583868
2.5045226130653266	-1.6721342075919678
2.5190954773869350	-1.6928078560828350
2.5336683417085428	-1.7135233347931758
2.5482412060301507	-1.7342801588281131
2.5628140703517590	-1.7550778488388878
2.5773869346733669	-1.7759159309282442
2.5919597989949748	-1.7967939365579633
2.6065326633165831	-1.8177114024584646
2.6211055276381909	-1.8386678705404376
2.6356783919597992	-1.8596628878084369
2.6502512562814071	-1.8806960062763829
2.6648241206030150	-1.9017667828849318
2.6793969849246233	-1.9228747794206422
2.6939698492462312	-1.9440195624369061
2.7085427135678395	-1.9652007031765910
2.7231155778894474	-1.9864177774963436
2.7376884422110552	-2.0076703657925186
2.7522613065326635	-2.0289580529286781
2.7668341708542714	-2.0502804281646347
2.7814070351758793	-2.0716370850869814
2.7959798994974876	-2.0930276215410859
2.8105527638190955	-2.1144516395644914
2.8251256281407038	-2.1359087453217143
2.8396984924623117	-2.1573985490403684
2.8542713567839195	-2.1789206649486212
2.8688442211055278	-2.2004747112139080
2.8834170854271357	-2.2220603098829019
2.8979899497487440	-2.2436770868227018
2.9125628140703519	-2.2653246716631852
2.9271356783919598	-2.2870026977405398
2.9417085427135681	-2.3087108020418978
2.9562814070351759	-2.3304486251510759
2.9708542713567838	-2.3522158111953924
2.9854271356783921	-2.3740120077935138
3.0000000000000000	-2.3958368660043288
