1 1.342828e+07
2 1.427038e+07
3 2.955654e+11
4 3.227764e+11
5 6.505590e+15
6 7.295487e+15
7 1.431923e+20
8 1.647817e+20
9 3.151758e+24
10 3.719471e+24
11 6.937227e+28
12 8.390434e+28
13 1.526930e+33
14 1.891611e+33
15 3.360873e+37
16 4.262214e+37
17 7.397505e+41
18 9.598559e+41
19 1.628240e+46
20 2.160501e+46
21 3.583865e+50
22 4.860604e+50
23 7.888325e+54
24 1.093006e+55
25 1.736273e+59
26 2.456744e+59
27 3.821653e+63
28 5.519634e+63
29 8.411714e+67
30 1.239599e+68
31 1.851475e+72
32 2.782786e+72
33 4.075220e+76
34 6.244717e+76
35 8.969833e+80
36 1.400833e+81
37 1.974321e+85
38 3.141278e+85
39 4.345612e+89
40 7.041718e+89
41 9.564986e+93
42 1.578005e+94
43 2.105318e+98
44 3.535090e+98
45 4.633947e+102
46 7.916987e+102
47 1.019963e+107
48 1.772520e+107
49 2.245008e+111
50 3.967331e+111
51 4.941415e+115
52 8.877402e+115
53 1.087639e+120
54 1.985900e+120
55 2.393968e+124
56 4.441367e+124
57 5.269286e+128
58 9.930409e+128
59 1.159806e+133
60 2.219792e+133
61 2.552812e+137
62 4.960841e+137
63 5.618913e+141
64 1.108407e+142
65 1.236761e+146
66 2.475978e+146
67 2.722196e+150
68 5.529695e+150
69 5.991741e+154
70 1.234710e+155
71 1.318823e+159
72 2.756388e+159
73 2.902821e+163
74 6.152197e+163
75 6.389308e+167
76 1.372893e+168
77 1.406331e+172
78 3.063108e+172
79 3.095431e+176
80 6.832960e+176
81 6.813259e+180
82 1.523978e+181
83 1.499645e+185
84 3.398394e+185
85 3.300823e+189
86 7.576976e+189
87 7.265342e+193
88 1.689068e+194
89 1.599152e+198
90 3.764688e+198
91 3.519845e+202
92 8.389641e+202
93 7.747425e+206
94 1.869355e+207
95 1.705262e+211
96 4.164627e+211
97 3.753401e+215
98 9.276789e+215
99 8.261499e+219
100 2.066132e+220
101 1.818414e+224
102 4.601065e+224
103 4.002456e+228
104 1.024473e+229
105 8.809687e+232
106 2.280790e+233
107 1.939074e+237
108 5.077084e+237
109 4.268038e+241
110 1.130027e+242
111 9.394253e+245
112 2.514838e+246
113 2.067741e+250
114 5.596016e+250
115 4.551245e+254
116 1.245079e+255
117 1.001761e+259
118 2.769903e+259
119 2.204947e+263
120 6.161458e+263
121 4.853245e+267
122 1.370422e+268
123 1.068234e+272
124 3.047744e+272
125 2.351258e+276
126 6.777299e+276
127 5.175286e+280
128 1.506918e+281
129 1.139117e+285
130 3.350261e+285
131 2.507279e+289
132 7.447737e+289
133 5.518699e+293
134 1.655494e+294
135 1.214705e+298
136 3.679504e+298
137 2.673653e+302
138 8.177306e+302
139 5.884902e+306
140 1.817152e+307