PerturbationLevel	Run	EigenvalueError	EigenvectorError	Iterations
0.010	1	2.4279735710e-03	1.1658327887e-02	8
0.010	2	7.7891195740e-03	3.7731621967e-02	9
0.010	3	5.5748844668e-04	2.6815411080e-03	8
0.010	4	1.3250474972e-03	6.3843410217e-03	8
0.010	5	8.7886226558e-04	4.2261140906e-03	8
0.010	6	4.2618481950e-03	2.0427959029e-02	7
0.010	7	1.1230079707e-02	5.4540102856e-02	8
0.010	8	1.2971147402e-03	6.2496009766e-03	8
0.010	9	1.5076013924e-03	7.2650930600e-03	8
0.010	10	6.5338564444e-03	3.1619693921e-02	8
0.010	11	5.9086437620e-03	2.8579712690e-02	8
0.010	12	2.9299574200e-04	1.4104103972e-03	8
0.010	13	6.8386268394e-03	3.2694989620e-02	7
0.010	14	1.3343657606e-03	6.4137548634e-03	8
0.010	15	9.9426777777e-03	4.7381930959e-02	7
0.010	16	1.9387978668e-03	9.3137591524e-03	8
0.010	17	2.2828671821e-03	1.1008548051e-02	8
0.010	18	1.6276805241e-03	7.8445811499e-03	8
0.010	19	1.9827687309e-03	9.5245970817e-03	8
0.010	20	3.7471050340e-03	1.7969667414e-02	7
0.020	1	5.4650240625e-03	2.6164008775e-02	8
0.020	2	9.7384711801e-04	4.6907257193e-03	8
0.020	3	2.1222856183e-02	1.0372156875e-01	9
0.020	4	5.3639358858e-03	2.5933512941e-02	8
0.020	5	4.0753575149e-03	1.9682486730e-02	8
0.020	6	8.1355292166e-03	3.9420239247e-02	8
0.020	7	1.9159152386e-03	9.2040313098e-03	8
0.020	8	2.4358180136e-04	1.1724912806e-03	8
0.020	9	1.4286572925e-02	6.7758899563e-02	7
0.020	10	1.0947514090e-02	5.3156982633e-02	8
0.020	11	8.1145918192e-03	3.9318153669e-02	8
0.020	12	9.0183337695e-03	4.3018994788e-02	8
0.020	13	3.1373522381e-04	1.5094149066e-03	8
0.020	14	9.2044136764e-03	4.4635761702e-02	8
0.020	15	4.1477001107e-03	1.9883034198e-02	7
0.020	16	4.2399572867e-03	2.0480267263e-02	9
0.020	17	8.9618707688e-03	4.2752190791e-02	8
0.020	18	1.4293630667e-03	6.8875890501e-03	8
0.020	19	2.2187652669e-05	1.0677582715e-04	8
0.020	20	8.1357225084e-03	3.9421181555e-02	8
0.030	1	2.1065295124e-02	9.9113129045e-02	7
0.030	2	2.3175682777e-02	1.0875672575e-01	7
0.030	3	2.4147779657e-02	1.1819420980e-01	9
0.030	4	2.6150549338e-02	1.2225085040e-01	7
0.030	5	1.0875560084e-03	5.2389563704e-03	8
0.030	6	3.3654245066e-03	1.6244022867e-02	8
0.030	7	1.6526182871e-02	7.8179884981e-02	7
0.030	8	2.5102912541e-02	1.1751224765e-01	7
0.030	9	6.4920153696e-03	3.1416161270e-02	8
0.030	10	6.9384964293e-03	3.3169089738e-02	8
0.030	11	1.6428011234e-02	7.7724340495e-02	8
0.030	12	1.3633305018e-02	6.4708123435e-02	7
0.030	13	2.4226158194e-02	1.1353522449e-01	7
0.030	14	6.5882216504e-03	3.1884168721e-02	8
0.030	15	1.8869410423e-02	8.9018276106e-02	7
0.030	16	2.4051228359e-03	1.1548855898e-02	8
0.030	17	2.2697158612e-02	1.0657515027e-01	7
0.030	18	1.1844728585e-02	5.7550386768e-02	9
0.030	19	3.3698150153e-03	1.6166211331e-02	7
0.030	20	9.2094010342e-03	4.3921590139e-02	7
0.040	1	1.8245073438e-02	8.9017809791e-02	9
0.040	2	4.7850245928e-02	2.3572163510e-01	10
0.040	3	1.8463868108e-02	8.7147309131e-02	8
0.040	4	7.3485156749e-03	3.5585040384e-02	8
0.040	5	2.2674749656e-02	1.0647291536e-01	7
0.040	6	9.0188637551e-04	4.3438338182e-03	8
0.040	7	2.0578113216e-02	9.6878744828e-02	7
0.040	8	3.2750067987e-02	1.6086575424e-01	10
0.040	9	2.0456027332e-02	9.9931891785e-02	9
0.040	10	4.1171939995e-04	1.9806498998e-03	8
0.040	11	2.2689779095e-02	1.0654148388e-01	7
0.040	12	4.1485664962e-03	1.9887171258e-02	8
0.040	13	2.5266741091e-03	1.2131121928e-02	8
0.040	14	2.4931052180e-02	1.1673348774e-01	7
0.040	15	7.8130903480e-03	3.7316572596e-02	7
0.040	16	2.4905891349e-02	1.2194938196e-01	9
0.040	17	1.0572988901e-02	5.0351727050e-02	7
0.040	18	1.1528456535e-02	5.6001141186e-02	8
0.040	19	2.7719889408e-02	1.3589950052e-01	9
0.040	20	6.7494246497e-03	3.2271444388e-02	7
0.050	1	1.0079223103e-02	4.8909898842e-02	9
0.050	2	1.6468581956e-02	8.0263299742e-02	9
0.050	3	4.1249601773e-02	1.8881327606e-01	7
0.050	4	3.2494963507e-03	1.5682918690e-02	8
0.050	5	1.9894114602e-02	9.7156273124e-02	9
0.050	6	2.2899439305e-02	1.0749770768e-01	7
0.050	7	4.6599595920e-03	2.2327491633e-02	8
0.050	8	1.7939486142e-03	8.6190905637e-03	8
0.050	9	2.5672070385e-02	1.2574595600e-01	9
0.050	10	2.4567037301e-02	1.1508269929e-01	7
0.050	11	3.3779317638e-02	1.6597638133e-01	10
0.050	12	3.9607099583e-02	1.8173609153e-01	7
0.050	13	1.5217958502e-02	7.2099883767e-02	8
0.050	14	7.9793688092e-03	3.8104199163e-02	8
0.050	15	3.2886160704e-02	1.6154149450e-01	10
0.050	16	1.6852229408e-02	7.9691998119e-02	8
0.050	17	3.8828506405e-02	1.9104257369e-01	9
0.050	18	4.7062663721e-02	2.3183069467e-01	11
0.050	19	5.7839759205e-02	2.8482481769e-01	11
0.050	20	2.4774864698e-02	1.2130025989e-01	8
