0 7.9086744258096342e+00
1 7.9086744258096342e+00
2 4.4591675982407715e+00
3 2.6231749509353857e+00
4 1.7236941030712114e+00
5 1.3750458590483610e+00
6 1.0895309063805505e+00
7 8.6323378677082852e-01
8 7.6562152090858926e-01
9 6.8534118801026600e-01
10 6.0755886584798835e-01
11 5.3602856344537930e-01
12 4.7202524802828638e-01
13 4.1561613047436241e-01
14 3.6631280546916523e-01
15 3.2340552220947349e-01
16 2.9098820571919531e-01
17 2.6237665725242043e-01
18 2.3692235105437090e-01
19 2.1423506119181071e-01
20 1.9397822648947821e-01
21 1.7586066682822213e-01
22 1.6221661836115536e-01
23 1.5024399105615446e-01
24 1.3921646466959864e-01
25 1.2904895428769406e-01
26 1.1966600288646449e-01
27 1.1100030044044781e-01
28 1.0299150650599494e-01
29 9.5585301294511066e-02
30 8.8732610467870968e-02
31 8.2388963570151075e-02
32 7.6513956605587755e-02
33 7.1070796899903005e-02
34 6.6025913875560616e-02
35 6.1348623341195133e-02
36 5.7010835780488288e-02
37 5.2986801239433591e-02
38 4.9252884974831733e-02
39 4.5787369197481297e-02
40 4.2570277131019504e-02
41 3.9583216289410889e-02
42 3.6809238407505718e-02
43 3.4232713878897557e-02
44 3.1839218891246995e-02
45 2.9615433721442718e-02
46 2.7549050875857101e-02
47 2.5628691945356909e-02
48 2.3843832198613996e-02
49 2.2184732066507742e-02
50 2.0642374779857389e-02
51 1.9208409515736477e-02
52 1.7875099487141943e-02
53 1.6635274479025904e-02
54 1.5482287392459455e-02
55 1.4409974409468810e-02
56 1.3412618435070980e-02
57 1.2484915511267220e-02
58 1.1621943931049599e-02
59 1.0819135809542109e-02
60 1.0072250894891699e-02
61 9.3773524238302316e-03
62 8.7307848464968155e-03
63 8.1291532624371554e-03
64 7.5693044250419103e-03
65 7.0483091852089150e-03
66 6.5634462571276409e-03
67 6.1121871997927854e-03
68 5.6921825174485637e-03
69 5.3012487907189961e-03
70 4.9373567579157618e-03
71 4.5986202728820810e-03
72 4.2832860719819637e-03
73 3.9897242884707248e-03
74 3.7164196575444927e-03
75 3.4619633600333848e-03
76 3.2250454568101567e-03
77 3.0044478698858360e-03
78 2.7990378695649061e-03
79 2.6077620302559800e-03
80 2.4296406204071638e-03
81 2.2637623946858043e-03
82 2.1092797589906394e-03
83 1.9654042810540772e-03
84 1.8314025215295441e-03
85 1.7065921622650341e-03
86 1.5903384102446555e-03
87 1.4820506572849239e-03
88 1.3811793770078255e-03
89 1.2872132420335791e-03
90 1.1996764455278106e-03
91 1.1181262124544120e-03
92 1.0421504869162410e-03
93 9.7136578299257374e-04
94 9.0541518736629871e-04
95 8.4396650291076666e-04
96 7.8671052317137008e-04
97 7.3335942842497556e-04
98 6.8364529463706190e-04
99 6.3731870732757195e-04
100 5.9414747284512672e-04
101 5.5391542016503036e-04
102 5.1642128678824363e-04
103 4.8147768275564045e-04
104 4.4891012728507810e-04
105 4.1855615286673137e-04
106 3.9026447204556055e-04
107 3.6389420248749679e-04
108 3.3931414619210704e-04
109 3.1640211904224462e-04
110 2.9504432714316201e-04
111 2.7513478666270163e-04
112 2.5657478409236745e-04
113 2.3927237411526219e-04
114 2.2314191241020861e-04
115 2.0810362096230985e-04
116 1.9408318358475604e-04
117 1.8101136953898748e-04
118 1.6882368328777537e-04
119 1.5746003854667670e-04
120 1.4686445493423912e-04
121 1.3698477564518373e-04
122 1.2777240467662604e-04
123 1.1918206223517738e-04
124 1.1117155707268793e-04
125 1.0370157454659791e-04
126 9.6735479337520632e-05
127 9.0239131779092563e-05
128 8.4180716860133060e-05
129 7.8530585036633730e-05
130 7.3261103995029468e-05
131 6.8346520647788906e-05
132 6.3762832615011798e-05
133 5.9487668564358743e-05
134 5.5500176770388021e-05
135 5.1780921341911898e-05
136 4.8311785577418612e-05
137 4.5075881954067630e-05
138 4.2057468302324166e-05
139 3.9241869722324093e-05
140 3.6615405863736168e-05
141 3.4165323178265889e-05
142 3.1879731829134223e-05
143 2.9747546900977069e-05
144 2.7758433649015464e-05
145 2.5902756484727413e-05
146 2.4171531454525288e-05
147 2.2556381961448411e-05
148 2.1049497511986718e-05
149 1.9643595287896842e-05
150 1.8331884328693859e-05
151 1.7108032162366157e-05
152 1.5966133718110416e-05
153 1.4900682346559971e-05
154 1.3906542822831474e-05
155 1.2978926183932293e-05
156 1.2113366281707768e-05
157 1.1305697930769446e-05
158 1.0552036539626642e-05
159 9.8487591326355534e-06
160 9.1924866544642102e-06
161 8.5800674853599017e-06
162 8.0085620656862354e-06
163 7.4752285788718927e-06
164 6.9775095850181774e-06
165 6.5130195827549387e-06
166 6.0795334023855387e-06
167 5.6749753862318238e-06
168 5.2974093077908809e-06
169 4.9450289662226870e-06
170 4.6161494254343540e-06
171 4.3091988400427305e-06
172 4.0227108391275713e-06
173 3.7553174210335449e-06
174 3.5057423335177191e-06
175 3.2727948927752244e-06
176 3.0590710558900328e-06
177 2.8621769140204374e-06
178 2.6779285474974960e-06
179 2.5055159331990617e-06
180 2.3441807598895270e-06
181 2.1932131381885212e-06
182 2.0519485227524857e-06
183 1.9197648305702115e-06
184 1.7960797326875182e-06
185 1.6803481332646775e-06
186 1.5720597913286982e-06
187 1.4707371013193811e-06
188 1.3759330163302397e-06
189 1.2872291001406776e-06
190 1.2042336985264400e-06
191 1.1265802364342488e-06
192 1.0539256117498849e-06
193 9.8594870688100302e-07
194 9.2234897278503175e-07
195 8.6284512422588730e-07
196 8.0717390601223706e-07
197 7.5508894558444840e-07
198 7.0635966194771353e-07
199 6.6077027193038918e-07
200 6.1811882937192038e-07
201 5.7821635285475498e-07
202 5.4088598490230572e-07
203 5.0596222069492221e-07
204 4.7329018727789120e-07
205 4.4272495057664102e-07
206 4.1413089046641887e-07
207 3.8738109486795023e-07
208 3.6235680872573739e-07
209 3.3894690859825678e-07
210 3.1704741310481396e-07
211 2.9656102264313973e-07
212 2.7739669496364430e-07
213 2.5946924489203252e-07
214 2.4269896454143820e-07
215 2.2701127059999366e-07
216 2.1233638162090930e-07
217 1.9860900482554363e-07
218 1.8576804705483486e-07
219 1.7375635206439964e-07
220 1.6252044074670564e-07
221 1.5201027696514282e-07
222 1.4217904436462242e-07
223 1.3298294586700048e-07
224 1.2438100316650131e-07
225 1.1633487598289104e-07
226 1.0880869668179056e-07
227 1.0176890928559933e-07
228 9.5184116533873178e-08
229 8.9024949628526351e-08
230 8.3263928466042809e-08
231 7.7875346018048802e-08
232 7.2835154907191099e-08
233 6.8120856178320882e-08
234 6.3711401973279455e-08
235 5.9587099669221228e-08
236 5.5729533579381227e-08
237 5.2121469091397973e-08
238 4.8746786076377495e-08
239 4.5590407175577616e-08
240 4.2638223160018145e-08
241 3.9877039511378350e-08
242 3.7294509831060979e-08
243 3.4879088275237929e-08
244 3.2619973208673659e-08
245 3.0507055980928221e-08
246 2.8530890192079141e-08
247 2.6682629492396553e-08
248 2.4954004165750320e-08
249 2.3337277955266905e-08
250 2.1825215133745640e-08
251 2.0411044647000863e-08
252 1.9088435233731984e-08
253 1.7851464691245332e-08
254 1.6694592068250101e-08
255 1.5612636443571046e-08
256 1.4600746923638876e-08
257 1.3654394593036416e-08
258 1.2769335926072254e-08
259 1.1941604737326929e-08
260 1.1167491692134156e-08
261 1.0443526012367642e-08
262 9.7664623046075893e-09
263 9.1332608023904446e-09
264 8.5410859026718507e-09
265 7.9872812856967082e-09
266 7.4693618655453683e-09
267 6.9850035453742485e-09
268 6.5320337044249764e-09
269 6.1084216850335280e-09
270 5.7122619619540950e-09
271 5.3417799965073069e-09
272 4.9953124788299812e-09
273 4.6713029372639654e-09
274 4.3682966159764369e-09
275 4.0849338890431601e-09
276 3.8199407474576254e-09
277 3.5721287991310490e-09
278 3.3403842923644601e-09
279 3.1236651887745903e-09
280 2.9209982362197633e-09
281 2.7314753099572577e-09
282 2.5542395090412817e-09
283 2.3884990599249976e-09
284 2.2335075587102786e-09
285 2.0885690935273995e-09
286 1.9530301950812345e-09
287 1.8262820319568409e-09
288 1.7077567517768194e-09
289 1.5969179682104567e-09
290 1.4932710057331115e-09
291 1.3963475324871354e-09
292 1.3057114144300924e-09
293 1.2209572517977061e-09
294 1.1417001343444709e-09
295 1.0675858861030402e-09
296 9.9828082062483954e-10
297 9.3347247274859351e-10
298 8.7286959860032725e-10
299 8.1619924851925468e-10
300 7.6320676705777944e-10
301 7.1365286590738400e-10
302 6.6731581920421298e-10
303 6.2398560938085192e-10
304 5.8346685424043799e-10
305 5.4558027049371521e-10
306 5.1015096546259290e-10
307 4.7702160891364210e-10
308 4.4604365183576485e-10
309 4.1707586290313908e-10
310 3.8998798731785617e-10
311 3.6465928327286609e-10
312 3.4097559487786706e-10
313 3.1882935215930523e-10
314 2.9812030282890284e-10
315 2.7875697582071278e-10
316 2.6064936360584326e-10
317 2.4371843518331607e-10
318 2.2788589132068049e-10
319 2.1308294577634443e-10
320 1.9924008054018815e-10
321 1.8629655882442285e-10
322 1.7419310737831489e-10
323 1.6287703886787875e-10
324 1.5229493419060138e-10
325 1.4240069192924551e-10
326 1.3314894243510142e-10
327 1.2449651136504214e-10
328 1.1640827382974397e-10
329 1.0884398256019028e-10
330 1.0177143974116768e-10
331 9.5158447557462864e-11
